564.9 0.411901339781
564.9002002 0.209669515789
564.9004004 -0.38629601694
564.900600601 0.522475303802
564.900800801 0.241590150506
564.901001001 -0.475019522901
564.901201201 -0.0735800596204
564.901401401 0.163280754811
564.901601602 0.195650557599
564.901801802 0.224700443832
564.902002002 -0.139598987659
564.902202202 0.0501830381395
564.902402402 -0.0423518757418
564.902602603 -0.255134327279
564.902802803 -0.0348312994629
564.903003003 -0.393449438518
564.903203203 0.292451328859
564.903403403 -0.051148694851
564.903603604 0.188019317817
564.903803804 -0.223942755446
564.904004004 0.25267150021
564.904204204 -0.124770197609
564.904404404 -0.481084486862
564.904604605 0.152763553786
564.904804805 -0.174457418777
564.905005005 -0.259939182892
564.905205205 -0.359898111835
564.905405405 0.141987803258
564.905605606 0.288658649933
564.905805806 0.315131188674
564.906006006 0.0282274144008
564.906206206 -0.332006247234
564.906406406 0.323726177654
564.906606607 -0.224217211781
564.906806807 0.228685384327
564.907007007 -0.110029290853
564.907207207 -0.116954744886
564.907407407 0.208449016208
564.907607608 -0.182231574847
564.907807808 -0.128536730656
564.908008008 0.0274693017042
564.908208208 -0.280388056024
564.908408408 -0.291470427831
564.908608609 0.0389395590893
564.908808809 0.378814227459
564.909009009 0.227389350579
564.909209209 0.102687402255
564.909409409 -0.0174271986035
564.90960961 -0.361981176923
564.90980981 -0.262841355533
564.91001001 0.207161765551
564.91021021 -0.0523963286339
564.91041041 0.33993614055
564.910610611 0.00154658969276
564.910810811 0.202783678356
564.911011011 0.174165796188
564.911211211 -0.0204816625094
564.911411411 -0.0852851302501
564.911611612 0.115044869853
564.911811812 -0.159198028649
564.912012012 -0.10284001696
564.912212212 -0.168614208437
564.912412412 0.197124825551
564.912612613 0.0770629981762
564.912812813 0.183199237611
564.913013013 -0.200842987783
564.913213213 -0.0382631373898
564.913413413 -0.240948995414
564.913613614 0.331990420773
564.913813814 -0.110748884687
564.914014014 0.291770419188
564.914214214 -0.462348040441
564.914414414 0.0251530955517
564.914614615 0.406672789353
564.914814815 0.324349550166
564.915015015 -0.00679638256029
564.915215215 -0.0825734943719
564.915415415 0.27083568161
564.915615616 0.250659902305
564.915815816 0.17330117749
564.916016016 -0.0556692391401
564.916216216 0.316681607062
564.916416416 0.204472760656
564.916616617 0.167441873183
564.916816817 -0.132253671636
564.917017017 0.166427323242
564.917217217 -0.261809243281
564.917417417 0.361037156795
564.917617618 -0.112082438278
564.917817818 0.0770157124291
564.918018018 -0.0126862793723
564.918218218 0.157663830423
564.918418418 -0.476367173181
564.918618619 -0.0206023641517
564.918818819 -0.228467380029
564.919019019 -0.126025694791
564.919219219 -0.210229725697
564.919419419 0.279389898308
564.91961962 0.164376099258
564.91981982 -0.0855745463519
564.92002002 -0.216769456818
564.92022022 -0.188230599992
564.92042042 0.0343667411253
564.920620621 0.201723871382
564.920820821 -0.0860791355858
564.921021021 -0.0591986627049
564.921221221 0.0748936762882
564.921421421 0.0105766741581
564.921621622 0.0657934747469
564.921821822 0.030236098063
564.922022022 0.220373057649
564.922222222 -0.0679485381241
564.922422422 -0.200840488006
564.922622623 -0.073010864643
564.922822823 -0.206892560544
564.923023023 -0.176374571485
564.923223223 0.113624790906
564.923423423 -0.00974314109332
564.923623624 -0.117150053311
564.923823824 0.107842409274
564.924024024 -0.152783411299
564.924224224 -0.0318664569026
564.924424424 0.109198281837
564.924624625 0.410373209664
564.924824825 -0.311600504943
564.925025025 -0.202741841715
564.925225225 -0.0286547487657
564.925425425 0.190522688276
564.925625626 -0.449337237876
564.925825826 -0.194900760718
564.926026026 -0.162741824433
564.926226226 0.0603555214454
564.926426426 0.301120297423
564.926626627 -0.24751262173
564.926826827 0.131447821331
564.927027027 -0.00888622037608
564.927227227 0.12727473647
564.927427427 -0.298205218651
564.927627628 -0.141798131746
564.927827828 -0.11603368174
564.928028028 0.213467983237
564.928228228 0.0848378047699
564.928428428 -0.511601184561
564.928628629 0.183289187199
564.928828829 0.0568765121389
564.929029029 -0.253950322134
564.929229229 -0.0987579478324
564.929429429 -0.195069942711
564.92962963 -0.0660942875393
564.92982983 0.0375045501997
564.93003003 -0.32774767971
564.93023023 -0.256284857181
564.93043043 -0.482906011332
564.930630631 -0.520933288982
564.930830831 0.254545707763
564.931031031 -0.0493289789258
564.931231231 0.00147795498215
564.931431431 -0.120457789607
564.931631632 0.0217467398084
564.931831832 0.29023610988
564.932032032 0.205329502502
564.932232232 -0.479884416555
564.932432432 -0.390113138003
564.932632633 0.127064074825
564.932832833 -0.199047660797
564.933033033 0.224809560339
564.933233233 -0.195854566477
564.933433433 -0.194625312835
564.933633634 -0.251724966187
564.933833834 0.199899573976
564.934034034 -0.0232855224726
564.934234234 -0.0544772705631
564.934434434 -0.130010787518
564.934634635 -0.137928845057
564.934834835 -0.00140195368328
564.935035035 -0.368328844602
564.935235235 -0.0899240755356
564.935435435 0.163951634001
564.935635636 0.229130563071
564.935835836 -0.0187162327098
564.936036036 -0.270272249358
564.936236236 0.444541513153
564.936436436 -0.169225110494
564.936636637 0.0889311944366
564.936836837 -0.0378245274481
564.937037037 0.172161858744
564.937237237 0.182205307441
564.937437437 0.332779418051
564.937637638 0.108436376185
564.937837838 0.0576599515276
564.938038038 -0.0973707285367
564.938238238 -0.350295364555
564.938438438 0.0830901484692
564.938638639 0.224339908615
564.938838839 0.305847181349
564.939039039 -0.03020492525
564.939239239 0.171093105307
564.939439439 0.131197538022
564.93963964 0.0933215559642
564.93983984 0.00391354086081
564.94004004 -0.0980279698887
564.94024024 0.246812241079
564.94044044 0.212115656935
564.940640641 -0.0371115402092
564.940840841 -0.187758334687
564.941041041 0.0267778064591
564.941241241 0.194822282736
564.941441441 -0.22765987863
564.941641642 0.122280915915
564.941841842 -0.148329890048
564.942042042 -0.158895813879
564.942242242 -0.332535641931
564.942442442 0.0895811717886
564.942642643 -0.076936322868
564.942842843 -0.0581093351063
564.943043043 -0.139634746702
564.943243243 0.244365867757
564.943443443 -0.0335981751805
564.943643644 -0.043414346437
564.943843844 0.0737281378628
564.944044044 -0.0560816823275
564.944244244 -0.0507037092325
564.944444444 -0.0414798216512
564.944644645 0.293233159499
564.944844845 -0.0541036352477
564.945045045 -0.360756280284
564.945245245 0.0697706972179
564.945445445 -0.0118196509022
564.945645646 -0.290783147826
564.945845846 0.00814438129616
564.946046046 0.0731283907949
564.946246246 -0.0354650889741
564.946446446 0.255421926403
564.946646647 0.463722174753
564.946846847 0.225001127085
564.947047047 0.011979232356
564.947247247 -0.183545934812
564.947447447 -0.474481339065
564.947647648 -0.0411210169051
564.947847848 0.151603551759
564.948048048 -0.429133990505
564.948248248 0.0069321141998
564.948448448 -0.0330131003641
564.948648649 0.301920565806
564.948848849 -0.332153408123
564.949049049 0.116452117618
564.949249249 -0.137616059165
564.949449449 0.0760027123954
564.94964965 0.23490790201
564.94984985 0.251075663433
564.95005005 -0.215866436399
564.95025025 0.32850657274
564.95045045 0.0353163066401
564.950650651 0.107121645937
564.950850851 0.253195704247
564.951051051 0.13027344212
564.951251251 0.48764564946
564.951451451 0.0507616451603
564.951651652 0.21316358111
564.951851852 -0.0508943725188
564.952052052 -0.0604203488461
564.952252252 0.051861353301
564.952452452 0.131871595531
564.952652653 0.127478294909
564.952852853 0.0675784224968
564.953053053 0.0386240253453
564.953253253 0.225904237446
564.953453453 0.183224659625
564.953653654 -0.258380467156
564.953853854 0.0511433782127
564.954054054 0.0281054409977
564.954254254 -0.0167853427305
564.954454454 0.224943946282
564.954654655 -0.237208325464
564.954854855 0.161888266673
564.955055055 -0.225678502276
564.955255255 0.0690947192582
564.955455455 -0.0494958827164
564.955655656 0.033734162054
564.955855856 0.23879489718
564.956056056 0.122839346163
564.956256256 0.0989303528461
564.956456456 0.382590416157
564.956656657 0.189299055386
564.956856857 0.170748558377
564.957057057 0.344678340535
564.957257257 0.204580282206
564.957457457 0.141056144325
564.957657658 0.0283436997251
564.957857858 0.386644720467
564.958058058 -0.14781367428
564.958258258 -0.247043620639
564.958458458 -0.136261715451
564.958658659 -0.0234987701564
564.958858859 -0.0290676006259
564.959059059 -0.197751475841
564.959259259 0.48831877402
564.959459459 0.121744772675
564.95965966 0.0867210760862
564.95985986 -0.0761162686494
564.96006006 -0.171921094248
564.96026026 -0.148557026696
564.96046046 -0.197731876944
564.960660661 0.0968618292809
564.960860861 -0.0486196068084
564.961061061 0.232082552685
564.961261261 -0.0324878808813
564.961461461 -0.12644820148
564.961661662 0.0294955895856
564.961861862 0.149618146319
564.962062062 0.277875511313
564.962262262 0.190448949535
564.962462462 -0.451108425455
564.962662663 0.0406194560675
564.962862863 0.179826475532
564.963063063 0.189559557765
564.963263263 0.149792263511
564.963463463 -0.0874444394706
564.963663664 0.0955304541428
564.963863864 -0.0428146556653
564.964064064 0.0365000257322
564.964264264 0.0941187123917
564.964464464 -0.37742575716
564.964664665 0.0321627618189
564.964864865 -0.0315374561152
564.965065065 -0.0671921945686
564.965265265 -0.0543857803614
564.965465465 -0.0237872978369
564.965665666 -0.140894578747
564.965865866 0.00265052823125
564.966066066 -0.0960553050202
564.966266266 -0.285023618337
564.966466466 -0.296542166285
564.966666667 0.0744109981861
564.966866867 0.200516173793
564.967067067 0.23532089743
564.967267267 0.10969388441
564.967467467 -0.267795626781
564.967667668 0.0772161334221
564.967867868 -0.119565248822
564.968068068 -0.123118333738
564.968268268 0.17473416362
564.968468468 0.0060678944912
564.968668669 0.00647101673265
564.968868869 0.139546639552
564.969069069 -0.072658139976
564.969269269 0.178376805436
564.969469469 0.127284518419
564.96966967 -0.102777007786
564.96986987 -0.119950568312
564.97007007 -0.0650882650417
564.97027027 -0.134469597228
564.97047047 0.00962293061439
564.970670671 0.190398479593
564.970870871 -0.209141683217
564.971071071 -0.00839204873565
564.971271271 0.0168982751739
564.971471471 0.167576005902
564.971671672 -0.0189943905942
564.971871872 -0.198923392778
564.972072072 -0.0704744201143
564.972272272 -0.167838477315
564.972472472 0.225894977298
564.972672673 0.0735351499585
564.972872873 0.386501391576
564.973073073 0.0913783079923
564.973273273 0.104580566393
564.973473473 -0.00447553548117
564.973673674 0.0416478501792
564.973873874 0.0176871464436
564.974074074 -0.23542657566
564.974274274 -0.0386001378252
564.974474474 -0.1338065776
564.974674675 0.272146841079
564.974874875 0.13854854792
564.975075075 0.264433401696
564.975275275 0.0723481118406
564.975475475 -0.116265437263
564.975675676 0.447940910888
564.975875876 0.137991724031
564.976076076 -0.00948198408628
564.976276276 0.156872655946
564.976476476 0.378548584414
564.976676677 0.210534793136
564.976876877 0.135976639504
564.977077077 -0.0314281733032
564.977277277 -0.186556389883
564.977477477 0.0874225009396
564.977677678 -0.208146566045
564.977877878 -0.293877291321
564.978078078 -0.0716056387519
564.978278278 -0.202442089346
564.978478478 0.274951645716
564.978678679 0.296295922849
564.978878879 -0.0792066711236
564.979079079 -0.0628506271696
564.979279279 0.0510998472581
564.979479479 0.0480779115736
564.97967968 0.209573462571
564.97987988 0.0756236248655
564.98008008 0.167840381354
564.98028028 0.188228956542
564.98048048 0.00710299973248
564.980680681 -0.232392418836
564.980880881 -0.110136105895
564.981081081 0.115137045062
564.981281281 0.550041191124
564.981481481 0.16798216832
564.981681682 0.487105143697
564.981881882 0.0447001451691
564.982082082 0.072816174168
564.982282282 0.440121496259
564.982482482 0.125474350565
564.982682683 0.333512798308
564.982882883 0.19927597605
564.983083083 0.490284207344
564.983283283 0.467655006884
564.983483483 0.408026612599
564.983683684 0.311996253058
564.983883884 0.545491551843
564.984084084 0.0934312594791
564.984284284 0.0431777501359
564.984484484 0.408629294511
564.984684685 0.176306410894
564.984884885 0.419709024112
564.985085085 0.658680504335
564.985285285 0.560148684381
564.985485485 0.618678027106
564.985685686 0.574896683511
564.985885886 0.89949933637
564.986086086 0.685857666812
564.986286286 0.436770478057
564.986486486 0.270169617406
564.986686687 0.209177182703
564.986886887 0.12482585773
564.987087087 0.333319249318
564.987287287 0.332442439395
564.987487487 0.49184559076
564.987687688 0.538564378911
564.987887888 0.405254192157
564.988088088 0.50132716997
564.988288288 0.632471231192
564.988488488 0.394083116946
564.988688689 0.588607887038
564.988888889 0.367539880476
564.989089089 0.297163166195
564.989289289 0.334851636154
564.989489489 0.754445480848
564.98968969 0.626433718723
564.98988989 0.71051704356
564.99009009 0.52316711378
564.99029029 0.734838065123
564.99049049 0.59416041086
564.990690691 0.758955325021
564.990890891 0.739645030725
564.991091091 0.75583562899
564.991291291 0.628516385171
564.991491491 0.498683795992
564.991691692 1.07606209435
564.991891892 0.655062334566
564.992092092 0.574932285925
564.992292292 0.81838309781
564.992492492 0.349923130992
564.992692693 1.0787632248
564.992892893 0.554429208757
564.993093093 0.868547442927
564.993293293 0.677274343113
564.993493493 0.841111733942
564.993693694 0.993087571217
564.993893894 0.913799578702
564.994094094 0.670195867263
564.994294294 0.9333883781
564.994494494 0.943774537168
564.994694695 0.694665702847
564.994894895 0.742808362182
564.995095095 0.769044036214
564.995295295 0.754837021809
564.995495495 0.757842134745
564.995695696 0.816888788458
564.995895896 0.99570079338
564.996096096 0.852713616004
564.996296296 0.85229481257
564.996496496 0.983723528084
564.996696697 0.997172815702
564.996896897 0.971173929283
564.997097097 0.757369677815
564.997297297 0.927721006607
564.997497497 0.995999917188
564.997697698 0.866606493239
564.997897898 0.810051667934
564.998098098 1.12606975661
564.998298298 1.12432716424
564.998498498 0.799695649623
564.998698699 0.809761877719
564.998898899 0.979958115368
564.999099099 0.860487518433
564.999299299 0.720965023524
564.999499499 1.15820669539
564.9996997 1.05219607696
564.9998999 0.996325043118
565.0001001 1.11269826715
565.0003003 1.03702773135
565.000500501 0.904101988059
565.000700701 1.2832269009
565.000900901 0.877167205911
565.001101101 1.24953274879
565.001301301 1.47374722544
565.001501502 1.38593994285
565.001701702 0.380137751207
565.001901902 0.814077038615
565.002102102 1.01844156914
565.002302302 1.05057766263
565.002502503 0.832767978265
565.002702703 1.33645716382
565.002902903 1.15555859586
565.003103103 0.813298907651
565.003303303 0.793123476555
565.003503504 0.75974240027
565.003703704 1.11132369906
565.003903904 0.94864671388
565.004104104 0.912351541283
565.004304304 0.771360021657
565.004504505 0.465026756835
565.004704705 0.635719256587
565.004904905 0.949383817384
565.005105105 0.884840152685
565.005305305 1.01587324204
565.005505506 1.00482321535
565.005705706 0.544810213911
565.005905906 0.788792427717
565.006106106 0.677580483494
565.006306306 1.16058882996
565.006506507 0.687868693843
565.006706707 0.618897643834
565.006906907 1.09355524342
565.007107107 0.743420621389
565.007307307 1.03088542544
565.007507508 0.386978510373
565.007707708 0.620033435248
565.007907908 0.989423551085
565.008108108 0.777940887027
565.008308308 0.734712466901
565.008508509 0.454223860845
565.008708709 0.824965550957
565.008908909 0.418937595483
565.009109109 0.296536769429
565.009309309 0.836333739468
565.00950951 0.689270235017
565.00970971 0.408390409559
565.00990991 0.271688454314
565.01011011 0.229743025237
565.01031031 0.778261365013
565.010510511 0.423894376386
565.010710711 0.35239798274
565.010910911 0.641510179135
565.011111111 0.694344663555
565.011311311 0.663825961348
565.011511512 0.641560371986
565.011711712 0.300080028046
565.011911912 0.737986815992
565.012112112 0.0534194262128
565.012312312 0.312885843872
565.012512513 0.267213074259
565.012712713 0.0318582925145
565.012912913 0.518659986835
565.013113113 0.222352911962
565.013313313 0.220221238023
565.013513514 0.395739112001
565.013713714 0.501817859255
565.013913914 0.0719056626053
565.014114114 0.147167413904
565.014314314 0.411147188258
565.014514515 0.240385859219
565.014714715 0.265042415028
565.014914915 0.254004884165
565.015115115 0.350618488963
565.015315315 0.45585779317
565.015515516 0.139306689522
565.015715716 0.289428578956
565.015915916 0.0481409611024
565.016116116 0.334394659063
565.016316316 0.128655914455
565.016516517 0.0364431400485
565.016716717 0.313842011015
565.016916917 0.600934114026
565.017117117 0.332364216902
565.017317317 0.457937734065
565.017517518 -0.0211184025254
565.017717718 -0.0915930675439
565.017917918 0.0586930866856
565.018118118 0.516259915747
565.018318318 -0.270352757672
565.018518519 0.0206891276321
565.018718719 0.13739532792
565.018918919 0.568888960464
565.019119119 -0.176968575984
565.019319319 -0.143371306372
565.01951952 0.0837581182608
565.01971972 0.0722171428456
565.01991992 0.146829954962
565.02012012 0.167505966373
565.02032032 0.111427237269
565.020520521 -0.0972210320991
565.020720721 -0.123479610743
565.020920921 0.0857500715723
565.021121121 0.225980911205
565.021321321 0.198799642753
565.021521522 0.165009812275
565.021721722 0.144479766329
565.021921922 0.433217212275
565.022122122 0.126307749514
565.022322322 -0.137489259798
565.022522523 0.260792463313
565.022722723 0.216510867021
565.022922923 -0.205422381849
565.023123123 -0.190432735925
565.023323323 0.220123457229
565.023523524 0.00116053605492
565.023723724 -0.129361466382
565.023923924 -0.214306810962
565.024124124 0.130802598488
565.024324324 0.0905302784645
565.024524525 0.193851367633
565.024724725 -0.126177740089
565.024924925 0.111117470106
565.025125125 0.0907167878815
565.025325325 0.163069873641
565.025525526 0.00511950027267
565.025725726 0.104961606451
565.025925926 -0.211452438276
565.026126126 0.142795437611
565.026326326 0.119982452575
565.026526527 0.506399612193
565.026726727 -0.143765804757
565.026926927 0.179180005923
565.027127127 -0.247303227353
565.027327327 -0.441218508458
565.027527528 -0.115958472299
565.027727728 -0.206792086305
565.027927928 0.251570959323
565.028128128 0.237835466199
565.028328328 -0.106179552819
565.028528529 0.0482385887632
565.028728729 -0.0690196111156
565.028928929 0.145666119572
565.029129129 0.106612137699
565.029329329 0.320233262176
565.02952953 0.109520398625
565.02972973 -0.201033584088
565.02992993 -0.101365187189
565.03013013 -0.261361132868
565.03033033 0.224316137309
565.030530531 -0.126236003839
565.030730731 0.194615344632
565.030930931 -0.164089251658
565.031131131 0.171219860039
565.031331331 0.0231460503898
565.031531532 0.131240783177
565.031731732 -0.112806840917
565.031931932 -0.0385343240119
565.032132132 0.233459126296
565.032332332 0.2343878714
565.032532533 -0.162612032092
565.032732733 -0.00422306544378
565.032932933 -0.114994980752
565.033133133 0.123035299769
565.033333333 0.34106463754
565.033533534 -0.30678851968
565.033733734 -0.115260216803
565.033933934 -0.143096097468
565.034134134 -0.179304400462
565.034334334 -0.0641004990237
565.034534535 -0.151611935834
565.034734735 0.0610336668059
565.034934935 -0.0040206942536
565.035135135 -0.125426101163
565.035335335 -0.164774636764
565.035535536 0.381187055034
565.035735736 0.157598139258
565.035935936 0.317574214834
565.036136136 -0.0356667204577
565.036336336 -0.0777491847121
565.036536537 0.214096854968
565.036736737 0.50642366173
565.036936937 0.0075925287123
565.037137137 0.0207867029328
565.037337337 -0.0926520318938
565.037537538 0.0768441950868
565.037737738 -0.0849575409943
565.037937938 -0.0324446439031
565.038138138 0.0507078664019
565.038338338 0.240892232252
565.038538539 0.0681332690324
565.038738739 0.327736683992
565.038938939 -0.189811693401
565.039139139 -0.315719408059
565.039339339 -0.081125503541
565.03953954 -0.122202119377
565.03973974 0.104075050313
565.03993994 0.213566185689
565.04014014 0.235892586781
565.04034034 -0.00216569996025
565.040540541 -0.122027923465
565.040740741 -0.164291378103
565.040940941 0.139200287884
565.041141141 -0.0782096249072
565.041341341 -0.273039716757
565.041541542 0.184149738182
565.041741742 -0.157833247901
565.041941942 0.263559159441
565.042142142 -0.0440107223267
565.042342342 0.195800312227
565.042542543 -0.0392829471277
565.042742743 0.176074312839
565.042942943 -0.0508377993864
565.043143143 -0.0139375415487
565.043343343 -0.179340135773
565.043543544 0.148486178141
565.043743744 -0.0162103221881
565.043943944 -0.349176825819
565.044144144 -0.0525526518669
565.044344344 0.158157416862
565.044544545 0.206361250884
565.044744745 -0.0730124890413
565.044944945 0.260308034401
565.045145145 -0.366439355142
565.045345345 -0.0996976271315
565.045545546 0.11575318633
565.045745746 -0.110765716937
565.045945946 -0.202221848772
565.046146146 -0.115276331606
565.046346346 0.177931840943
565.046546547 -0.0434616150946
565.046746747 0.143056480489
565.046946947 -0.0585605979945
565.047147147 0.125924810529
565.047347347 -0.0226050943142
565.047547548 0.125740703236
565.047747748 0.133618588446
565.047947948 0.0949789166121
565.048148148 0.094174689246
565.048348348 -0.132459955961
565.048548549 -0.160625125426
565.048748749 0.160313566069
565.048948949 0.0776575306226
565.049149149 0.176182343995
565.049349349 0.390962167137
565.04954955 0.282025181307
565.04974975 0.234517678488
565.04994995 0.186945548389
565.05015015 0.0294396004583
565.05035035 -0.300965423625
565.050550551 -0.355106665437
565.050750751 -0.113310981581
565.050950951 -0.0430814333624
565.051151151 -0.254477686399
565.051351351 0.312732490661
565.051551552 0.0112158148459
565.051751752 0.334550335935
565.051951952 -0.0272832219263
565.052152152 0.295573606794
565.052352352 0.056558163703
565.052552553 -0.115024087936
565.052752753 0.145807259934
565.052952953 -0.0478610100574
565.053153153 0.396298031282
565.053353353 -0.45559394147
565.053553554 -0.277401090784
565.053753754 0.416633013284
565.053953954 0.0644385963889
565.054154154 -0.29242247595
565.054354354 -0.12463803585
565.054554555 0.043393110396
565.054754755 -0.353710224781
565.054954955 -0.240504369227
565.055155155 0.273920260957
565.055355355 0.231386567002
565.055555556 0.072743826646
565.055755756 0.206152782847
565.055955956 0.288624922177
565.056156156 -0.270965987071
565.056356356 -0.0273316571953
565.056556557 0.041263609822
565.056756757 0.363659281346
565.056956957 -0.0222783159968
565.057157157 0.41828404308
565.057357357 0.169485046309
565.057557558 0.066190999149
565.057757758 -0.119595655894
565.057957958 -0.0594927254152
565.058158158 -0.28086445087
565.058358358 -0.0296138586217
565.058558559 0.0249454801254
565.058758759 -0.0248006956645
565.058958959 -0.240152182285
565.059159159 0.198122603896
565.059359359 0.065745074802
565.05955956 0.211924060155
565.05975976 0.073184359187
565.05995996 -0.106881893448
565.06016016 -0.0738825205356
565.06036036 0.105564504736
565.060560561 0.306842264198
565.060760761 -0.00772042528252
565.060960961 0.0948797570695
565.061161161 0.141601949735
565.061361361 0.0238890373838
565.061561562 0.35950565061
565.061761762 0.0153022195268
565.061961962 -0.0445440675364
565.062162162 0.0803568212342
565.062362362 0.185987845782
565.062562563 -0.0600738947638
565.062762763 0.0941595909878
565.062962963 -0.279943168414
565.063163163 0.0404158496959
565.063363363 -0.155510831578
565.063563564 -0.0585084971478
565.063763764 -0.027287188634
565.063963964 0.0353122218727
565.064164164 -0.13791836321
565.064364364 0.0795994464532
565.064564565 0.194467041462
565.064764765 0.0231984541344
565.064964965 0.325161359839
565.065165165 -0.0500574662226
565.065365365 0.104334046895
565.065565566 -0.132194817769
565.065765766 -0.360899084661
565.065965966 0.312847380388
565.066166166 -0.00066201781591
565.066366366 0.016981081176
565.066566567 -0.0338195941477
565.066766767 0.409886353317
565.066966967 0.136095168363
565.067167167 -0.0782080285441
565.067367367 0.322112573118
565.067567568 -0.0738587221987
565.067767768 -0.0789124095221
565.067967968 0.604654015045
565.068168168 0.0624582759533
565.068368368 -0.0261750688602
565.068568569 -0.270308428958
565.068768769 -0.126528442473
565.068968969 -0.0110038056835
565.069169169 -0.358467554177
565.069369369 0.338575667388
565.06956957 0.0823978222255
565.06976977 0.219896125334
565.06996997 -0.141529189726
565.07017017 -0.292110354025
565.07037037 0.0290948794933
565.070570571 0.289056392953
565.070770771 0.217736479832
565.070970971 0.272153303752
565.071171171 -0.16359941823
565.071371371 0.117552510501
565.071571572 -0.510656928396
565.071771772 -0.069304374953
565.071971972 -0.161387813911
565.072172172 0.165506904837
565.072372372 -0.202546012338
565.072572573 -0.0896652798312
565.072772773 0.339294199145
565.072972973 -0.169979520305
565.073173173 -0.246420025679
565.073373373 0.0338337599259
565.073573574 0.201969896815
565.073773774 -0.00435529808152
565.073973974 -0.034032406894
565.074174174 -0.00201043677523
565.074374374 0.0691437206601
565.074574575 0.076357788161
565.074774775 0.0278520897798
565.074974975 0.0991748751899
565.075175175 0.00657512244724
565.075375375 -0.0404664197728
565.075575576 0.300838730312
565.075775776 -0.170327999047
565.075975976 -0.278133745182
565.076176176 0.104021075968
565.076376376 -0.046348492463
565.076576577 0.10363113421
565.076776777 -0.357903600395
565.076976977 -0.0308427034541
565.077177177 0.199120170069
565.077377377 0.187300118574
565.077577578 0.311984804561
565.077777778 -0.0255515700344
565.077977978 -0.0271627797664
565.078178178 -0.239081868938
565.078378378 0.272553270171
565.078578579 -0.0114695544255
565.078778779 0.124763936509
565.078978979 -0.16746523655
565.079179179 0.159420563446
565.079379379 0.296878964543
565.07957958 0.635772754282
565.07977978 0.214750898157
565.07997998 -0.303291493864
565.08018018 0.00421361498526
565.08038038 -0.6072961045
565.080580581 0.00100835418978
565.080780781 -0.0136699883204
565.080980981 -0.521131842062
565.081181181 0.102088234376
565.081381381 -0.096845705304
565.081581582 0.145332546306
565.081781782 -0.278662081391
565.081981982 -0.0205710004627
565.082182182 0.320086677682
565.082382382 -0.426391025924
565.082582583 0.047221425895
565.082782783 0.206512415656
565.082982983 -0.234410645532
565.083183183 0.0544977055826
565.083383383 -0.125926354992
565.083583584 0.143217694171
565.083783784 -0.0325788775483
565.083983984 -0.241215481607
565.084184184 0.266731935412
565.084384384 -0.0161371380777
565.084584585 -0.160287715972
565.084784785 0.311094559061
565.084984985 0.001749684099
565.085185185 0.190544762737
565.085385385 0.024856737162
565.085585586 0.0871161285626
565.085785786 0.164000974548
565.085985986 -0.296358739506
565.086186186 0.197549194167
565.086386386 -0.129944392571
565.086586587 0.067557240125
565.086786787 -0.204648619059
565.086986987 -0.058507557163
565.087187187 0.367275812572
565.087387387 0.342278893015
565.087587588 -0.162839255639
565.087787788 0.103389777153
565.087987988 0.147581259583
565.088188188 0.125296086863
565.088388388 -0.0186196973587
565.088588589 0.211967391134
565.088788789 0.289011851861
565.088988989 0.23640655208
565.089189189 0.04385078932
565.089389389 0.0378124133808
565.08958959 0.249639756669
565.08978979 0.201299989377
565.08998999 -0.409302412194
565.09019019 0.053919509644
565.09039039 -0.266755153548
565.090590591 0.195498292792
565.090790791 -0.30215774512
565.090990991 -0.0584984573644
565.091191191 -0.0171964363637
565.091391391 -0.176782428461
565.091591592 -0.165188178473
565.091791792 -0.0453556938059
565.091991992 -0.19137686268
565.092192192 -0.242750087724
565.092392392 -0.0622659010961
565.092592593 0.223728557855
565.092792793 0.199556049373
565.092992993 0.156667929582
565.093193193 -0.311785158213
565.093393393 0.183223113602
565.093593594 -0.0818779080748
565.093793794 0.1014882877
565.093993994 -0.0626955893287
565.094194194 0.213434068493
565.094394394 0.405744547561
565.094594595 0.0598412854236
565.094794795 0.0126266766169
565.094994995 0.24260181482
565.095195195 0.0293399446596
565.095395395 -0.261929325903
565.095595596 -0.0114088573189
565.095795796 0.226075295086
565.095995996 -0.58208150011
565.096196196 0.165864442577
565.096396396 0.0108177006151
565.096596597 -0.258410174081
565.096796797 -0.149775623292
565.096996997 -0.0153207171633
565.097197197 -0.0339679180095
565.097397397 0.0127355599944
565.097597598 0.138568260303
565.097797798 -0.00558356058948
565.097997998 0.0493100036811
565.098198198 -0.348181708858
565.098398398 -0.155404730731
565.098598599 0.196353920023
565.098798799 -0.227063474329
565.098998999 0.199993730468
565.099199199 -0.0623740761914
565.099399399 -0.148662829625
565.0995996 0.113580113209
565.0997998 0.468863529201
565.1 -0.43600281259
